dataset,backbone,seed,fold_id,baseline,artifact_path,source_replay_axis,BN_axis,entropy_before,entropy_after,delta_entropy,mean_max_probability_before,mean_max_probability_after,margin_before,margin_after,source_label_prior,target_predicted_marginal_before,target_predicted_marginal_after,KL_mean_p_target_source_prior,single_class_dominance,class_balance_collapse_guard,feature_mean_shift_norm,target_recenter_norm,CORAL_distance_before,CORAL_distance_after,covariance_shift,class_prototype_distance_if_available,SPDIM_recentering_magnitude,pre_metric_output_hash,details_hash
BNCI2014_001,EEGConformerMini,0,1,ERM_NO_ADAPT,results/cedar/feature_supply/cedar01f_bnci2014_001_seed0/BNCI2014_001_EEGConformerMini_seed0_1.npz,NOT_AVAILABLE_IN_THIS_REPLAY,NOT_TESTED_IN_FROZEN_FEATURE_REPLAY,0.14744356740464687,0.14744356740464687,0.0,0.9413673668185412,0.9413673668185412,0.8901859936098843,0.8901859936098843,"[0.25, 0.25, 0.25, 0.25]","[0.3259700548431801, 0.2501822537984548, 0.24411399070566123, 0.17973370065270344]","[0.3259700548431801, 0.2501822537984548, 0.24411399070566123, 0.17973370065270344]",0.021551192300628068,0.3246527777777778,True,12.576445679436105,0.0,840.7512535226641,840.7512535226641,0.0,22.728010427674004,0.0,f336979f6ce3fa49a73d142c03a8d9835e4d19a47da58fab1aa4e907b11dc013,ce78a03edbd4914e1921e22ba14c4b69db1b634b958c64ba5344c572e69f251f
BNCI2014_001,EEGConformerMini,0,1,TTA_CONTROL_REPLAY,results/cedar/feature_supply/cedar01f_bnci2014_001_seed0/BNCI2014_001_EEGConformerMini_seed0_1.npz,NOT_AVAILABLE_IN_THIS_REPLAY,NOT_TESTED_IN_FROZEN_FEATURE_REPLAY,0.14744356740464687,0.16402472573388482,0.016581158329237955,0.9413673668185412,0.9349210868457914,0.8901859936098843,0.8787801371625519,"[0.25, 0.25, 0.25, 0.25]","[0.3259700548431801, 0.2501822537984548, 0.24411399070566123, 0.17973370065270344]","[0.32603555307763465, 0.2500713990650062, 0.24411876271885447, 0.1797742851385048]",0.02155502093822379,0.3246527777777778,True,12.576445679436105,0.0,840.7512535226641,840.7512535226641,0.0,22.728010427674004,0.0,e5fbf1dd62f6f84224467fe648a444bb28ffe3208459f521e00cb8b13f760dd9,0a658f6b9acfd2c18da15ec36671ec87ae9c0d78839414cb7900795d6ebdc2ce
BNCI2014_001,EEGConformerMini,0,1,MATCHED_CORAL,results/cedar/feature_supply/cedar01f_bnci2014_001_seed0/BNCI2014_001_EEGConformerMini_seed0_1.npz,NOT_AVAILABLE_IN_THIS_REPLAY,NOT_TESTED_IN_FROZEN_FEATURE_REPLAY,0.14744356740464687,0.09576646340247226,-0.05167710400217461,0.9413673668185412,0.9610755938647088,0.8901859936098843,0.9262037221254786,"[0.25, 0.25, 0.25, 0.25]","[0.3259700548431801, 0.2501822537984548, 0.24411399070566123, 0.17973370065270344]","[0.290501414681694, 0.24274389761257303, 0.23760653764896147, 0.22914815005677092]",0.004430230366917445,0.2934027777777778,True,12.576445679436105,12.576445679436109,840.7512535226641,0.0009601444344935129,840.7505182410026,7.282654534710768,0.0,1307c8f3ea5ce677a5aac1165892cc3d0e8b527a89de49b62d1693f1e3032436,35313ae9ef1a53d840ae8c67f5bc36a62939d1260f54f87ba026bee2fb4f6212
BNCI2014_001,EEGConformerMini,0,1,SPDIM,results/cedar/feature_supply/cedar01f_bnci2014_001_seed0/BNCI2014_001_EEGConformerMini_seed0_1.npz,NOT_AVAILABLE_IN_THIS_REPLAY,NOT_TESTED_IN_FROZEN_FEATURE_REPLAY,0.14744356740464687,0.1476726713688285,0.0002291039641816317,0.9413673668185412,0.9414847245627027,0.8901859936098843,0.8897349935332155,"[0.25, 0.25, 0.25, 0.25]","[0.3259700548431801, 0.2501822537984548, 0.24411399070566123, 0.17973370065270344]","[0.2857239548684512, 0.21620224482859152, 0.2702309877229295, 0.2278428125800274]",0.006643544477618467,0.2829861111111111,True,12.576445679436105,12.576445679436167,840.7512535226641,840.7512535226641,7.09428875599086e-13,19.946631505700402,12.576445679436167,8318af5b424e0fe8a85d110560cd279908b41e6ae0bee2e15e2913cd5a2a0375,0a7afa29ef72df911513d54b3df3b8b774e2c8689fcb3be0cb611459b2c19fd9
BNCI2014_001,EEGConformerMini,0,1,T3A,results/cedar/feature_supply/cedar01f_bnci2014_001_seed0/BNCI2014_001_EEGConformerMini_seed0_1.npz,NOT_AVAILABLE_IN_THIS_REPLAY,NOT_TESTED_IN_FROZEN_FEATURE_REPLAY,0.14744356740464687,0.1511362551833964,0.003692687778749537,0.9413673668185412,0.9377390759333761,0.8901859936098843,0.8801860185266704,"[0.25, 0.25, 0.25, 0.25]","[0.3259700548431801, 0.2501822537984548, 0.24411399070566123, 0.17973370065270344]","[0.3847231803800547, 0.16993228786871253, 0.199946027612524, 0.24539850413870848]",0.05100626017165975,0.375,True,12.576445679436105,0.0,840.7512535226641,840.7512535226641,0.0,22.366646265752635,0.0,a08c464eda2e8f88503d5fd6905cf77f4350174933d77ae8b404379d7e5a2dc8,179cf24b1ec482160ba8b2dc80043a53d3a05792fd6dd18e9b456736f70dbbd0
BNCI2014_001,EEGConformerMini,0,2,ERM_NO_ADAPT,results/cedar/feature_supply/cedar01f_bnci2014_001_seed0/BNCI2014_001_EEGConformerMini_seed0_2.npz,NOT_AVAILABLE_IN_THIS_REPLAY,NOT_TESTED_IN_FROZEN_FEATURE_REPLAY,0.28226951072596607,0.28226951072596607,0.0,0.8949011254666208,0.8949011254666208,0.8068091743149055,0.8068091743149055,"[0.25, 0.25, 0.25, 0.25]","[0.6068147622032127, 0.13123116749833716, 0.1656028063035108, 0.09635126399493908]","[0.6068147622032127, 0.13123116749833716, 0.1656028063035108, 0.09635126399493908]",0.2934483837021516,0.6302083333333334,True,29.974083009817694,0.0,1900.8012871542335,1900.8012871542335,0.0,36.60665698729877,0.0,de67ef48f3d41ed5cb077b82cb314c88b60a63d2fe07333ce519fd31002cb158,ce78a03edbd4914e1921e22ba14c4b69db1b634b958c64ba5344c572e69f251f
BNCI2014_001,EEGConformerMini,0,2,TTA_CONTROL_REPLAY,results/cedar/feature_supply/cedar01f_bnci2014_001_seed0/BNCI2014_001_EEGConformerMini_seed0_2.npz,NOT_AVAILABLE_IN_THIS_REPLAY,NOT_TESTED_IN_FROZEN_FEATURE_REPLAY,0.28226951072596607,0.31174883760610184,0.02947932688013577,0.8949011254666208,0.8844192885590374,0.8068091743149055,0.7892321420981451,"[0.25, 0.25, 0.25, 0.25]","[0.6068147622032127, 0.13123116749833716, 0.1656028063035108, 0.09635126399493908]","[0.6016389606871251, 0.13223301442573449, 0.16655596729471303, 0.09957205759242706]",0.28483143939918076,0.6302083333333334,True,29.974083009817694,0.0,1900.8012871542335,1900.8012871542335,0.0,36.60665698729877,0.0,2fb1a93c8f349bd4c374b6061addaf4db812441955938e47f878a3dc9a1a8ae3,3ff6df112b9d5a6e15edd9612fc353a8ba4c5fca9c1b16c25b11028970c5b8d4
BNCI2014_001,EEGConformerMini,0,2,MATCHED_CORAL,results/cedar/feature_supply/cedar01f_bnci2014_001_seed0/BNCI2014_001_EEGConformerMini_seed0_2.npz,NOT_AVAILABLE_IN_THIS_REPLAY,NOT_TESTED_IN_FROZEN_FEATURE_REPLAY,0.28226951072596607,0.194160725748407,-0.08810878497755906,0.8949011254666208,0.9204568947234085,0.8068091743149055,0.8475279666756086,"[0.25, 0.25, 0.25, 0.25]","[0.6068147622032127, 0.13123116749833716, 0.1656028063035108, 0.09635126399493908]","[0.3886252797423941, 0.1870370556388738, 0.1972504329374853, 0.22708723168124612]",0.04859939059257742,0.3975694444444444,True,29.974083009817694,29.9740830098177,1900.8012871542335,0.0036408673570868873,1900.7988170693948,12.358802733898369,0.0,90efea1da469f60bca7fbf22c656f1c8cdbec085526187b71c922c486c103c56,eca5c425ebad4eaeab732c7421973709006750ecb52fb8aed17278b90e46d442
BNCI2014_001,EEGConformerMini,0,2,SPDIM,results/cedar/feature_supply/cedar01f_bnci2014_001_seed0/BNCI2014_001_EEGConformerMini_seed0_2.npz,NOT_AVAILABLE_IN_THIS_REPLAY,NOT_TESTED_IN_FROZEN_FEATURE_REPLAY,0.28226951072596607,0.4155337932171691,0.13326428249120303,0.8949011254666208,0.8282973094331311,0.8068091743149055,0.6864564103550579,"[0.25, 0.25, 0.25, 0.25]","[0.6068147622032127, 0.13123116749833716, 0.1656028063035108, 0.09635126399493908]","[0.44014245054940004, 0.15895344843415557, 0.1881501159885065, 0.21275398502793777]",0.08918049685314683,0.4982638888888889,True,29.974083009817694,29.974083009817626,1900.8012871542335,1900.8012871542335,1.845263407500361e-13,29.17328248663184,29.974083009817626,3a89009e989bc32e9db31b939662ad816b2908b4546858e470c2d500b676b4d5,01557d152ebdf17da579147524f5c68688114b9800f5f14e903613b39be2e904
BNCI2014_001,EEGConformerMini,0,2,T3A,results/cedar/feature_supply/cedar01f_bnci2014_001_seed0/BNCI2014_001_EEGConformerMini_seed0_2.npz,NOT_AVAILABLE_IN_THIS_REPLAY,NOT_TESTED_IN_FROZEN_FEATURE_REPLAY,0.28226951072596607,0.268681071144428,-0.013588439581538048,0.8949011254666208,0.8990174827548257,0.8068091743149055,0.8094888518567652,"[0.25, 0.25, 0.25, 0.25]","[0.6068147622032127, 0.13123116749833716, 0.1656028063035108, 0.09635126399493908]","[0.671014517120958, 0.11775023607903437, 0.11772331186253784, 0.09351193493747022]",0.39324184092842634,0.6979166666666666,True,29.974083009817694,0.0,1900.8012871542335,1900.8012871542335,0.0,33.97137897419453,0.0,f52ce924ad086c23f1290834aab770cb7f022fd8da8b75c0fce5bc0540c2f1a6,18e287be1eff4e952f8b3095176413c34425b367ebacefef9f11e49d657a2b26
BNCI2014_001,EEGConformerMini,0,3,ERM_NO_ADAPT,results/cedar/feature_supply/cedar01f_bnci2014_001_seed0/BNCI2014_001_EEGConformerMini_seed0_3.npz,NOT_AVAILABLE_IN_THIS_REPLAY,NOT_TESTED_IN_FROZEN_FEATURE_REPLAY,0.2106472708138805,0.2106472708138805,0.0,0.9122161534943394,0.9122161534943394,0.8326862495177374,0.8326862495177374,"[0.25, 0.25, 0.25, 0.25]","[0.32052416739270817, 0.1877237551172513, 0.1816507519464546, 0.31010132554358605]","[0.32052416739270817, 0.1877237551172513, 0.1816507519464546, 0.31010132554358605]",0.03466130063720994,0.3159722222222222,True,15.681509140440639,0.0,1048.8419924539194,1048.8419924539194,0.0,22.490650326453963,0.0,23bd0fc0ba7483d1bf8d6717a95ad22098add1419615bd6d6fa40a3caf820fa4,ce78a03edbd4914e1921e22ba14c4b69db1b634b958c64ba5344c572e69f251f
BNCI2014_001,EEGConformerMini,0,3,TTA_CONTROL_REPLAY,results/cedar/feature_supply/cedar01f_bnci2014_001_seed0/BNCI2014_001_EEGConformerMini_seed0_3.npz,NOT_AVAILABLE_IN_THIS_REPLAY,NOT_TESTED_IN_FROZEN_FEATURE_REPLAY,0.2106472708138805,0.22936707821823765,0.018719807404357164,0.9122161534943394,0.9046261461463949,0.8326862495177374,0.819024728392071,"[0.25, 0.25, 0.25, 0.25]","[0.32052416739270817, 0.1877237551172513, 0.1816507519464546, 0.31010132554358605]","[0.3210283062874302, 0.1874460029543143, 0.18141972364850742, 0.31010596710974814]",0.03494168406666772,0.3159722222222222,True,15.681509140440639,0.0,1048.8419924539194,1048.8419924539194,0.0,22.490650326453963,0.0,265cfe81ba118f2bee8d31145c8222ef28bd589227094e90e118840c8f96facd,25654a2b6f695dafa2d3ceb9054dc648bfeb9c97d0df89b5102e8cc0087cbdb1
BNCI2014_001,EEGConformerMini,0,3,MATCHED_CORAL,results/cedar/feature_supply/cedar01f_bnci2014_001_seed0/BNCI2014_001_EEGConformerMini_seed0_3.npz,NOT_AVAILABLE_IN_THIS_REPLAY,NOT_TESTED_IN_FROZEN_FEATURE_REPLAY,0.2106472708138805,0.13725481238544196,-0.07339245842843853,0.9122161534943394,0.9423034806561906,0.8326862495177374,0.8888021709743268,"[0.25, 0.25, 0.25, 0.25]","[0.32052416739270817, 0.1877237551172513, 0.1816507519464546, 0.31010132554358605]","[0.28854614694477027, 0.2150847473303374, 0.22731770476929197, 0.2690514009556002]",0.007159714698251107,0.2847222222222222,True,15.681509140440639,15.681509140440628,1048.8419924539194,0.0008342027295192547,1048.8415141703424,7.163964453628676,0.0,a5ad1c7f018772c1b0ccd1c546b730b20df0ed1f73adae8b7ae522c632e40317,2ff75cc45c44d9d03bfa2d039d2042455d0cc5fc558fab43b76cc5eea279be3d
BNCI2014_001,EEGConformerMini,0,3,SPDIM,results/cedar/feature_supply/cedar01f_bnci2014_001_seed0/BNCI2014_001_EEGConformerMini_seed0_3.npz,NOT_AVAILABLE_IN_THIS_REPLAY,NOT_TESTED_IN_FROZEN_FEATURE_REPLAY,0.2106472708138805,0.19457479397406452,-0.01607247683981597,0.9122161534943394,0.9233224236583106,0.8326862495177374,0.8551787120737883,"[0.25, 0.25, 0.25, 0.25]","[0.32052416739270817, 0.1877237551172513, 0.1816507519464546, 0.31010132554358605]","[0.3020164414445096, 0.2311751639080558, 0.21562106303244202, 0.2511873316149922]",0.008281228763201951,0.3020833333333333,True,15.681509140440639,15.681509140440635,1048.8419924539194,1048.8419924539194,4.96042648205557e-13,19.692460109580605,15.681509140440635,963a2ba7c2adcbfbbc5c35a62e7ff6f66d40ccec72349baebbdf1cdbb699367c,d8e402592a57272f0821d91c38ffd3e48cf6e72361a063119e4e4536a957637d
BNCI2014_001,EEGConformerMini,0,3,T3A,results/cedar/feature_supply/cedar01f_bnci2014_001_seed0/BNCI2014_001_EEGConformerMini_seed0_3.npz,NOT_AVAILABLE_IN_THIS_REPLAY,NOT_TESTED_IN_FROZEN_FEATURE_REPLAY,0.2106472708138805,0.13977365418876675,-0.07087361662511374,0.9122161534943394,0.9424528882005497,0.8326862495177374,0.8863811750737547,"[0.25, 0.25, 0.25, 0.25]","[0.32052416739270817, 0.1877237551172513, 0.1816507519464546, 0.31010132554358605]","[0.5586364294414419, 0.10366085470266267, 0.13434982092902625, 0.20335289492686995]",0.23247931797754978,0.5642361111111112,True,15.681509140440639,0.0,1048.8419924539194,1048.8419924539194,0.0,17.483345243021276,0.0,c18237a20a6c09ba0e37b390edf9801eaa7d4e049488033ea92bbc50a9f0d8c7,e0d6641e9c6b86e16283a1bcb6ef13ed38173da8ddc87c819b67605d6c595869
BNCI2014_001,EEGConformerMini,0,4,ERM_NO_ADAPT,results/cedar/feature_supply/cedar01f_bnci2014_001_seed0/BNCI2014_001_EEGConformerMini_seed0_4.npz,NOT_AVAILABLE_IN_THIS_REPLAY,NOT_TESTED_IN_FROZEN_FEATURE_REPLAY,0.2125611851393792,0.2125611851393792,0.0,0.915442349926417,0.915442349926417,0.8421513939131914,0.8421513939131914,"[0.25, 0.25, 0.25, 0.25]","[0.40533229319301906, 0.0738107035306877, 0.4185374000021439, 0.10231960327414916]","[0.40533229319301906, 0.0738107035306877, 0.4185374000021439, 0.10231960327414916]",0.2300957817350262,0.4166666666666667,True,22.82870945367497,0.0,1834.4337178538942,1834.4337178538942,0.0,28.212667998969224,0.0,509f5f83c58db313a2392b2dcc7a288c6862c351ea403f8b89e33b3106d37238,ce78a03edbd4914e1921e22ba14c4b69db1b634b958c64ba5344c572e69f251f
BNCI2014_001,EEGConformerMini,0,4,TTA_CONTROL_REPLAY,results/cedar/feature_supply/cedar01f_bnci2014_001_seed0/BNCI2014_001_EEGConformerMini_seed0_4.npz,NOT_AVAILABLE_IN_THIS_REPLAY,NOT_TESTED_IN_FROZEN_FEATURE_REPLAY,0.2125611851393792,0.23311164051041405,0.020550455371034865,0.915442349926417,0.9074160491602752,0.8421513939131914,0.8281549060139193,"[0.25, 0.25, 0.25, 0.25]","[0.40533229319301906, 0.0738107035306877, 0.4185374000021439, 0.10231960327414916]","[0.40490916566270996, 0.07427920134098752, 0.41806832274291, 0.10274331025339227]",0.22870236261544688,0.4166666666666667,True,22.82870945367497,0.0,1834.4337178538942,1834.4337178538942,0.0,28.212667998969224,0.0,e046d968ca8129d9f0fac2e4c1b4c0459959fc81eaeb05075d02f2a119135927,dfe5f5101525c7625f803ac58f4cb610f24e6c2a523da6b9176bc457f12033db
BNCI2014_001,EEGConformerMini,0,4,MATCHED_CORAL,results/cedar/feature_supply/cedar01f_bnci2014_001_seed0/BNCI2014_001_EEGConformerMini_seed0_4.npz,NOT_AVAILABLE_IN_THIS_REPLAY,NOT_TESTED_IN_FROZEN_FEATURE_REPLAY,0.2125611851393792,0.16252181801670346,-0.05003936712267573,0.915442349926417,0.9355756433714973,0.8421513939131914,0.8770845096952894,"[0.25, 0.25, 0.25, 0.25]","[0.40533229319301906, 0.0738107035306877, 0.4185374000021439, 0.10231960327414916]","[0.3002115184114539, 0.1818659625585692, 0.3194816377423781, 0.19844088128759893]",0.02959400813816864,0.3246527777777778,True,22.82870945367497,22.82870945367498,1834.4337178538942,0.0036721618903724643,1834.4305179883556,10.70890675589135,0.0,8e7ebb9901c1b4cd1c9727b3cca4a9aa1e8a94adc781888bf25ba276391f73ef,b03f7514c73d4b0a252819990dcfc3532bfe495d8b7f9a70ddc8b96d54937385
BNCI2014_001,EEGConformerMini,0,4,SPDIM,results/cedar/feature_supply/cedar01f_bnci2014_001_seed0/BNCI2014_001_EEGConformerMini_seed0_4.npz,NOT_AVAILABLE_IN_THIS_REPLAY,NOT_TESTED_IN_FROZEN_FEATURE_REPLAY,0.2125611851393792,0.2745270111758833,0.06196582603650411,0.915442349926417,0.888307465690668,0.8421513939131914,0.7919075543566448,"[0.25, 0.25, 0.25, 0.25]","[0.40533229319301906, 0.0738107035306877, 0.4185374000021439, 0.10231960327414916]","[0.3490329628795874, 0.18894900059502973, 0.2836167372241179, 0.17840129930126505]",0.03915632223242901,0.3524305555555556,True,22.82870945367497,22.82870945367497,1834.4337178538942,1834.4337178538942,3.6545780062169644e-13,27.05816176083112,22.82870945367497,48faa96416898b1d0e9660ec2a7da97bf8d1b95d5e21ef7482392421470c0b83,3903e19cb93bd2fa827dcadcbad86eac7912e1385bf65a43766122086385ccf0
BNCI2014_001,EEGConformerMini,0,4,T3A,results/cedar/feature_supply/cedar01f_bnci2014_001_seed0/BNCI2014_001_EEGConformerMini_seed0_4.npz,NOT_AVAILABLE_IN_THIS_REPLAY,NOT_TESTED_IN_FROZEN_FEATURE_REPLAY,0.2125611851393792,0.223749303391712,0.011188118252332818,0.915442349926417,0.9072146940766549,0.8421513939131914,0.8246340063654256,"[0.25, 0.25, 0.25, 0.25]","[0.40533229319301906, 0.0738107035306877, 0.4185374000021439, 0.10231960327414916]","[0.4969552543121456, 0.12365829508950205, 0.29191561379821435, 0.08747083680013829]",0.2077698657426087,0.5121527777777778,True,22.82870945367497,0.0,1834.4337178538942,1834.4337178538942,0.0,27.89686734724041,0.0,ccee83a8b9ee0ab97f05ce4aaac8679df4e9e390029070eb4e2f7f1190c539a1,eaca64e3ca22c93f2be02db981e880eb138250c8acec953a3d2689078528f84f
BNCI2014_001,EEGConformerMini,0,5,ERM_NO_ADAPT,results/cedar/feature_supply/cedar01f_bnci2014_001_seed0/BNCI2014_001_EEGConformerMini_seed0_5.npz,NOT_AVAILABLE_IN_THIS_REPLAY,NOT_TESTED_IN_FROZEN_FEATURE_REPLAY,0.1693530596783242,0.1693530596783242,0.0,0.9339534496691643,0.9339534496691643,0.8802286981843581,0.8802286981843581,"[0.25, 0.25, 0.25, 0.25]","[0.07744343083096443, 0.7657155981200044, 0.07911784215785064, 0.07772312889118023]","[0.07744343083096443, 0.7657155981200044, 0.07911784215785064, 0.07772312889118023]",0.584515288389586,0.765625,True,29.459598157047314,0.0,1226.4552855295663,1226.4552855295663,0.0,37.13536703442837,0.0,9e68ebe45a779d2471f2891782480e5c30738ddf8eb12fb2113b578ec841cb8f,ce78a03edbd4914e1921e22ba14c4b69db1b634b958c64ba5344c572e69f251f
BNCI2014_001,EEGConformerMini,0,5,TTA_CONTROL_REPLAY,results/cedar/feature_supply/cedar01f_bnci2014_001_seed0/BNCI2014_001_EEGConformerMini_seed0_5.npz,NOT_AVAILABLE_IN_THIS_REPLAY,NOT_TESTED_IN_FROZEN_FEATURE_REPLAY,0.1693530596783242,0.1877355766779696,0.01838251699964541,0.9339534496691643,0.9269580787745669,0.8802286981843581,0.868495151585249,"[0.25, 0.25, 0.25, 0.25]","[0.07744343083096443, 0.7657155981200044, 0.07911784215785064, 0.07772312889118023]","[0.07826589798398173, 0.7643078951609886, 0.07923604183697154, 0.07819016501805771]",0.5813012181119935,0.765625,True,29.459598157047314,0.0,1226.4552855295663,1226.4552855295663,0.0,37.13536703442837,0.0,414574fa45584b231990d5655c7a4508eaf72a5541026ddc59a5336b2ee683c4,80fd7f104f2346981dc8039c5366d37a2907d11fc9c5f8a6dcc913ac2de27083
BNCI2014_001,EEGConformerMini,0,5,MATCHED_CORAL,results/cedar/feature_supply/cedar01f_bnci2014_001_seed0/BNCI2014_001_EEGConformerMini_seed0_5.npz,NOT_AVAILABLE_IN_THIS_REPLAY,NOT_TESTED_IN_FROZEN_FEATURE_REPLAY,0.1693530596783242,0.19702138385313955,0.02766832417481535,0.9339534496691643,0.9183023385405049,0.8802286981843581,0.8430904508693524,"[0.25, 0.25, 0.25, 0.25]","[0.07744343083096443, 0.7657155981200044, 0.07911784215785064, 0.07772312889118023]","[0.2512115073298411, 0.2922451438867403, 0.22053211884002705, 0.2360112299433914]",0.005594786186062701,0.2916666666666667,True,29.459598157047314,29.459598157047317,1226.4552855295663,0.04833756038303535,1226.424311390158,14.242574127812512,0.0,d19158b51241b6d28ca1183cb377c02717a5ad865c4f735110fda8e5911ed414,3f98d5ddd2ea82b254325a9fadac8d7728a56b608644d8674a69ffc6fabe58bc
BNCI2014_001,EEGConformerMini,0,5,SPDIM,results/cedar/feature_supply/cedar01f_bnci2014_001_seed0/BNCI2014_001_EEGConformerMini_seed0_5.npz,NOT_AVAILABLE_IN_THIS_REPLAY,NOT_TESTED_IN_FROZEN_FEATURE_REPLAY,0.1693530596783242,0.31090616196224613,0.14155310228392193,0.9339534496691643,0.871273874064896,0.8802286981843581,0.7615229727904577,"[0.25, 0.25, 0.25, 0.25]","[0.07744343083096443, 0.7657155981200044, 0.07911784215785064, 0.07772312889118023]","[0.35069731712471064, 0.22796208939756601, 0.1338689520542971, 0.28747164142342585]",0.05419596923018156,0.3559027777777778,True,29.459598157047314,29.459598157047303,1226.4552855295663,1226.4552855295663,2.551835578896633e-13,27.825493623208573,29.459598157047303,bc13d24253a5e03d9970f422d77fa433cfdbfa74469111a103a7ad4681133172,9ed8d1a0a13deb178daf49b0bf8feccb396d4eb0d2c546f3d62d49555e8da8ad
BNCI2014_001,EEGConformerMini,0,5,T3A,results/cedar/feature_supply/cedar01f_bnci2014_001_seed0/BNCI2014_001_EEGConformerMini_seed0_5.npz,NOT_AVAILABLE_IN_THIS_REPLAY,NOT_TESTED_IN_FROZEN_FEATURE_REPLAY,0.1693530596783242,0.2699769006485421,0.10062384097021787,0.9339534496691643,0.893294230891744,0.8802286981843581,0.8051423748636736,"[0.25, 0.25, 0.25, 0.25]","[0.07744343083096443, 0.7657155981200044, 0.07911784215785064, 0.07772312889118023]","[0.17944598677952442, 0.5035523739303425, 0.1124405263599947, 0.2045611129301381]",0.16222113015257097,0.5069444444444444,True,29.459598157047314,0.0,1226.4552855295663,1226.4552855295663,0.0,37.09811665440566,0.0,c307ddd89b22f4f83c45212c93002d3b93ec0d072d7601281cc25b7bb12f3f37,118b7152791dcd65fb3c5814de4bdb475f2b134a64263c8e2c0f7a7c71d38747
BNCI2014_001,EEGConformerMini,0,6,ERM_NO_ADAPT,results/cedar/feature_supply/cedar01f_bnci2014_001_seed0/BNCI2014_001_EEGConformerMini_seed0_6.npz,NOT_AVAILABLE_IN_THIS_REPLAY,NOT_TESTED_IN_FROZEN_FEATURE_REPLAY,0.14297783665397368,0.14297783665397368,0.0,0.9421008518882172,0.9421008518882172,0.8875243672255456,0.8875243672255456,"[0.25, 0.25, 0.25, 0.25]","[0.561934633831771, 0.0339044298173348, 0.10146601429742166, 0.3026949220534725]","[0.561934633831771, 0.0339044298173348, 0.10146601429742166, 0.3026949220534725]",0.3537856545532702,0.5711805555555556,True,31.286513334105106,0.0,1965.3566948211221,1965.3566948211221,0.0,27.721771901147406,0.0,fdd33d369c6291f13d06cda07a5203009ae5e21845d1ebcc08f86fafe4f3aacf,ce78a03edbd4914e1921e22ba14c4b69db1b634b958c64ba5344c572e69f251f
BNCI2014_001,EEGConformerMini,0,6,TTA_CONTROL_REPLAY,results/cedar/feature_supply/cedar01f_bnci2014_001_seed0/BNCI2014_001_EEGConformerMini_seed0_6.npz,NOT_AVAILABLE_IN_THIS_REPLAY,NOT_TESTED_IN_FROZEN_FEATURE_REPLAY,0.14297783665397368,0.1592378434110269,0.01626000675705322,0.9421008518882172,0.9356103777381514,0.8875243672255456,0.8752177713773229,"[0.25, 0.25, 0.25, 0.25]","[0.561934633831771, 0.0339044298173348, 0.10146601429742166, 0.3026949220534725]","[0.5608418622606963, 0.03442783091858451, 0.10178366531644774, 0.3029466415042712]",0.3516222721888505,0.5711805555555556,True,31.286513334105106,0.0,1965.3566948211221,1965.3566948211221,0.0,27.721771901147406,0.0,6eda7838e59c49e29836735576a0eebdfbb023f7a714e6cfd82f2d1f71516e96,6c0b7d0ebfeea82687615cb6775f9657a55738d9b531a1c6df39724bda4287aa
BNCI2014_001,EEGConformerMini,0,6,MATCHED_CORAL,results/cedar/feature_supply/cedar01f_bnci2014_001_seed0/BNCI2014_001_EEGConformerMini_seed0_6.npz,NOT_AVAILABLE_IN_THIS_REPLAY,NOT_TESTED_IN_FROZEN_FEATURE_REPLAY,0.14297783665397368,0.12205857040201289,-0.02091926625196079,0.9421008518882172,0.9504742855064152,0.8875243672255456,0.9040897972735868,"[0.25, 0.25, 0.25, 0.25]","[0.561934633831771, 0.0339044298173348, 0.10146601429742166, 0.3026949220534725]","[0.41481152777006713, 0.11896845355487984, 0.20052643884093035, 0.26569357983412284]",0.09365618767729435,0.4201388888888889,True,31.286513334105106,31.28651333410511,1965.3566948211221,0.004050261139517781,1965.3534998024013,16.471008640465104,0.0,e04d89ee8fe3aaf9d83a3b1861a67dbf51b5fe10b2d046154ec6fa3b6b96fea3,58051672c1cf3e093aa7487286954147ed2721c4efaa47887381e5eb15d859b6
BNCI2014_001,EEGConformerMini,0,6,SPDIM,results/cedar/feature_supply/cedar01f_bnci2014_001_seed0/BNCI2014_001_EEGConformerMini_seed0_6.npz,NOT_AVAILABLE_IN_THIS_REPLAY,NOT_TESTED_IN_FROZEN_FEATURE_REPLAY,0.14297783665397368,0.20366763083650447,0.06068979418253079,0.9421008518882172,0.9175440553876667,0.8875243672255456,0.8441409194472307,"[0.25, 0.25, 0.25, 0.25]","[0.561934633831771, 0.0339044298173348, 0.10146601429742166, 0.3026949220534725]","[0.35478004020321535, 0.1484002431043146, 0.2283545455839959, 0.2684651711084741]",0.045239102000696904,0.359375,True,31.286513334105106,31.286513334105194,1965.3566948211221,1965.356694821122,5.447115677188102e-13,30.959774543549635,31.286513334105194,1f1f88e5840fd712a615c7368f845e6c757fdc797edda47f1bccefcf6da2355e,b057467a9147a7bd6f7b848ceac95bc4bfede02df7b9a5367ccc3d1249a7cdee
BNCI2014_001,EEGConformerMini,0,6,T3A,results/cedar/feature_supply/cedar01f_bnci2014_001_seed0/BNCI2014_001_EEGConformerMini_seed0_6.npz,NOT_AVAILABLE_IN_THIS_REPLAY,NOT_TESTED_IN_FROZEN_FEATURE_REPLAY,0.14297783665397368,0.1507689383330736,0.00779110167909991,0.9421008518882172,0.934855810027904,0.8875243672255456,0.8723813914846871,"[0.25, 0.25, 0.25, 0.25]","[0.561934633831771, 0.0339044298173348, 0.10146601429742166, 0.3026949220534725]","[0.5623466922010851, 0.0575775894906447, 0.11390165789072773, 0.2661740604175425]",0.2984732123313441,0.5642361111111112,True,31.286513334105106,0.0,1965.3566948211221,1965.3566948211221,0.0,32.14964484754983,0.0,839f7d0dd137c028fcae2ff9c2cef20c4e53969f73e02677a5c66d00f730204d,02c36637f3505460d15dd0d83d2c0ebfa257d4bfeede8f4e5c1a6d5dd2ef9dd6
BNCI2014_001,EEGConformerMini,0,7,ERM_NO_ADAPT,results/cedar/feature_supply/cedar01f_bnci2014_001_seed0/BNCI2014_001_EEGConformerMini_seed0_7.npz,NOT_AVAILABLE_IN_THIS_REPLAY,NOT_TESTED_IN_FROZEN_FEATURE_REPLAY,0.3307679447716625,0.3307679447716625,0.0,0.8667212172565446,0.8667212172565446,0.7538970238002385,0.7538970238002385,"[0.25, 0.25, 0.25, 0.25]","[0.3922062582303909, 0.3250924082150439, 0.16260080325221543, 0.12010053030234993]","[0.3922062582303909, 0.3250924082150439, 0.16260080325221543, 0.12010053030234993]",0.10401177251367107,0.390625,True,25.677052763067483,0.0,2010.8521961819176,2010.8521961819176,0.0,38.37966803425419,0.0,0766cf77aa974a69a3dbc89dadb7cd9067332b1840d4ee2d78b4c7788a8b509a,ce78a03edbd4914e1921e22ba14c4b69db1b634b958c64ba5344c572e69f251f
BNCI2014_001,EEGConformerMini,0,7,TTA_CONTROL_REPLAY,results/cedar/feature_supply/cedar01f_bnci2014_001_seed0/BNCI2014_001_EEGConformerMini_seed0_7.npz,NOT_AVAILABLE_IN_THIS_REPLAY,NOT_TESTED_IN_FROZEN_FEATURE_REPLAY,0.3307679447716625,0.3534861321723126,0.022718187400650125,0.8667212172565446,0.8576178191176935,0.7538970238002385,0.738477054758018,"[0.25, 0.25, 0.25, 0.25]","[0.3922062582303909, 0.3250924082150439, 0.16260080325221543, 0.12010053030234993]","[0.39178254118361155, 0.3245033396528378, 0.16283682492065266, 0.12087729424289817]",0.10299868594074052,0.390625,True,25.677052763067483,0.0,2010.8521961819176,2010.8521961819176,0.0,38.37966803425419,0.0,798b536aedc8da8b3aea6f2e4b30cf727269900eca0dcab929bef81798cb57cc,cd1600e5a31f9e011277f86ddf39c329563111c516e58b16a1a581f640514428
BNCI2014_001,EEGConformerMini,0,7,MATCHED_CORAL,results/cedar/feature_supply/cedar01f_bnci2014_001_seed0/BNCI2014_001_EEGConformerMini_seed0_7.npz,NOT_AVAILABLE_IN_THIS_REPLAY,NOT_TESTED_IN_FROZEN_FEATURE_REPLAY,0.3307679447716625,0.11314804283351378,-0.21761990193814873,0.8667212172565446,0.9559901706586528,0.7538970238002385,0.9148795188430966,"[0.25, 0.25, 0.25, 0.25]","[0.3922062582303909, 0.3250924082150439, 0.16260080325221543, 0.12010053030234993]","[0.2517949912495368, 0.2893013533682308, 0.2460959924677537, 0.2128076629144785]",0.005890970728338905,0.2951388888888889,True,25.677052763067483,25.677052763067493,2010.8521961819176,0.004303330800136497,2010.8490284236861,6.9441403963277475,0.0,f5e5d35a851995f0244864b1aea6a222dcbcbf5d481a98a225ee194a6704fb64,b8d0d073293f6393d2da1b5a352a72b91b54cc8dca18c30888614d4f723ca377
BNCI2014_001,EEGConformerMini,0,7,SPDIM,results/cedar/feature_supply/cedar01f_bnci2014_001_seed0/BNCI2014_001_EEGConformerMini_seed0_7.npz,NOT_AVAILABLE_IN_THIS_REPLAY,NOT_TESTED_IN_FROZEN_FEATURE_REPLAY,0.3307679447716625,0.3699787832566302,0.0392108384849677,0.8667212172565446,0.8481116402354064,0.7538970238002385,0.722489110052199,"[0.25, 0.25, 0.25, 0.25]","[0.3922062582303909, 0.3250924082150439, 0.16260080325221543, 0.12010053030234993]","[0.3681098522580563, 0.23073596763256454, 0.19073484723576978, 0.21041933287360978]",0.03605127555615056,0.3732638888888889,True,25.677052763067483,25.67705276306752,2010.8521961819176,2010.8521961819176,1.6893969136679921e-13,29.95410089145107,25.67705276306752,e72babf2df6c26f81e471372dbab6bdca6a74767fd3e667790ebb011e375e8cb,534b501617416022448936eb03776403abd65aafd5ab0b2140088be30ebff6b9
BNCI2014_001,EEGConformerMini,0,7,T3A,results/cedar/feature_supply/cedar01f_bnci2014_001_seed0/BNCI2014_001_EEGConformerMini_seed0_7.npz,NOT_AVAILABLE_IN_THIS_REPLAY,NOT_TESTED_IN_FROZEN_FEATURE_REPLAY,0.3307679447716625,0.43659597057453864,0.10582802580287615,0.8667212172565446,0.8182943139675859,0.7538970238002385,0.6717219309967272,"[0.25, 0.25, 0.25, 0.25]","[0.3922062582303909, 0.3250924082150439, 0.16260080325221543, 0.12010053030234993]","[0.3920931909349343, 0.24983323546912167, 0.19587060338612505, 0.1622029702098191]",0.05832561281274007,0.4010416666666667,True,25.677052763067483,0.0,2010.8521961819176,2010.8521961819176,0.0,38.33804963778885,0.0,8971cdda3a5c36c8288a9a1f4d209261d6091e80d4480b76ec207bd822ff6f46,a2c0cae0abc683829ab823b8b86699637d2958668231f84886205ac0101cb722
BNCI2014_001,EEGConformerMini,0,8,ERM_NO_ADAPT,results/cedar/feature_supply/cedar01f_bnci2014_001_seed0/BNCI2014_001_EEGConformerMini_seed0_8.npz,NOT_AVAILABLE_IN_THIS_REPLAY,NOT_TESTED_IN_FROZEN_FEATURE_REPLAY,0.1133664325218107,0.1133664325218107,0.0,0.9541773780909723,0.9541773780909723,0.9130262477013168,0.9130262477013168,"[0.25, 0.25, 0.25, 0.25]","[0.21353339139418065, 0.21081854516039114, 0.2918158837437319, 0.2838321797016963]","[0.21353339139418065, 0.21081854516039114, 0.2918158837437319, 0.2838321797016963]",0.01155337783756235,0.2916666666666667,True,9.801581146590973,0.0,621.0121718015081,621.0121718015081,0.0,14.68086297068934,0.0,24367a9ec899502adc3c17d38d05b1cb91af25f9748fd094e30ac3655ef66e31,ce78a03edbd4914e1921e22ba14c4b69db1b634b958c64ba5344c572e69f251f
BNCI2014_001,EEGConformerMini,0,8,TTA_CONTROL_REPLAY,results/cedar/feature_supply/cedar01f_bnci2014_001_seed0/BNCI2014_001_EEGConformerMini_seed0_8.npz,NOT_AVAILABLE_IN_THIS_REPLAY,NOT_TESTED_IN_FROZEN_FEATURE_REPLAY,0.1133664325218107,0.12686577197208238,0.01349933945027168,0.9541773780909723,0.9489139607397628,0.9130262477013168,0.9034204446485137,"[0.25, 0.25, 0.25, 0.25]","[0.21353339139418065, 0.21081854516039114, 0.2918158837437319, 0.2838321797016963]","[0.21350455163092266, 0.21051008496618212, 0.2919254397622473, 0.2840599236406478]",0.011656695592792546,0.2916666666666667,True,9.801581146590973,0.0,621.0121718015081,621.0121718015081,0.0,14.68086297068934,0.0,5efb744ff7e8d7db2e5c34ac36fa6f7fed45df6e2c0a86a1a36b3f2589b3d058,b3e0bfc212436665fa2c28b9465a9a904b8638b336bf13ab2c47bacf01be3fd5
BNCI2014_001,EEGConformerMini,0,8,MATCHED_CORAL,results/cedar/feature_supply/cedar01f_bnci2014_001_seed0/BNCI2014_001_EEGConformerMini_seed0_8.npz,NOT_AVAILABLE_IN_THIS_REPLAY,NOT_TESTED_IN_FROZEN_FEATURE_REPLAY,0.1133664325218107,0.10602311407825009,-0.007343318443560606,0.9541773780909723,0.956161414486854,0.9130262477013168,0.9163962031967144,"[0.25, 0.25, 0.25, 0.25]","[0.21353339139418065, 0.21081854516039114, 0.2918158837437319, 0.2838321797016963]","[0.26120368496147195, 0.2127555463404273, 0.25419104179919244, 0.2718497268989085]",0.00413382140788815,0.2760416666666667,True,9.801581146590973,9.801581146590973,621.0121718015081,0.00046399954392098956,621.0119427751366,6.0277310602109235,0.0,2b2834cc525843225dde50762d246eb8943a02faeb55bdd22c504bb1a4b7c76e,60b146d850dd6450c8fd1c5661cd321ceea84bc7212d9de4ea9c6b4e3154ec3b
BNCI2014_001,EEGConformerMini,0,8,SPDIM,results/cedar/feature_supply/cedar01f_bnci2014_001_seed0/BNCI2014_001_EEGConformerMini_seed0_8.npz,NOT_AVAILABLE_IN_THIS_REPLAY,NOT_TESTED_IN_FROZEN_FEATURE_REPLAY,0.1133664325218107,0.11863333038939218,0.005266897867581485,0.9541773780909723,0.9482984527649236,0.9130262477013168,0.9005016272010337,"[0.25, 0.25, 0.25, 0.25]","[0.21353339139418065, 0.21081854516039114, 0.2918158837437319, 0.2838321797016963]","[0.26230491432911685, 0.22841853280983557, 0.25977113651896455, 0.24950541634208287]",0.0014465166476295486,0.2638888888888889,True,9.801581146590973,9.801581146590925,621.0121718015081,621.0121718015079,1.115958402223284e-12,12.466958977943516,9.801581146590925,757dec719f8d5d2201b7d9bf35583ff9522e21ea83094a1abb50119257d2d929,299da21c63996df5772b076f7080ad7d8d49587cd6e1c1d5de0c86fd326f1b6d
BNCI2014_001,EEGConformerMini,0,8,T3A,results/cedar/feature_supply/cedar01f_bnci2014_001_seed0/BNCI2014_001_EEGConformerMini_seed0_8.npz,NOT_AVAILABLE_IN_THIS_REPLAY,NOT_TESTED_IN_FROZEN_FEATURE_REPLAY,0.1133664325218107,0.0750438637811086,-0.0383225687407021,0.9541773780909723,0.9664058919739252,0.9130262477013168,0.9348606857276169,"[0.25, 0.25, 0.25, 0.25]","[0.21353339139418065, 0.21081854516039114, 0.2918158837437319, 0.2838321797016963]","[0.4226382812325804, 0.13321307406050398, 0.23544948660393483, 0.20869915810298043]",0.08624674503783497,0.4184027777777778,True,9.801581146590973,0.0,621.0121718015081,621.0121718015081,0.0,20.995784162430315,0.0,1bb6163d9f1289d8cd90c4fcc40fa02a0583506b38138c4895352b66d2f41484,3fe3228d90cb00465e2690f8c47c3ba0aad6ed888d7c44f72c0f3a104591c69b
BNCI2014_001,EEGConformerMini,0,9,ERM_NO_ADAPT,results/cedar/feature_supply/cedar01f_bnci2014_001_seed0/BNCI2014_001_EEGConformerMini_seed0_9.npz,NOT_AVAILABLE_IN_THIS_REPLAY,NOT_TESTED_IN_FROZEN_FEATURE_REPLAY,0.15348585199331044,0.15348585199331044,0.0,0.9384744267900843,0.9384744267900843,0.8816295498440028,0.8816295498440028,"[0.25, 0.25, 0.25, 0.25]","[0.34780387471875185, 0.15075982881141503, 0.18968486000967003, 0.3117514364601629]","[0.34780387471875185, 0.15075982881141503, 0.18968486000967003, 0.3117514364601629]",0.05503315644163025,0.34375,True,12.545985901103938,0.0,1043.7023082866679,1043.7023082866679,0.0,18.119173726327837,0.0,12da1eda001163ac4288f1741dd97aa9b1d6c041a25b19b904606683e06e41c1,ce78a03edbd4914e1921e22ba14c4b69db1b634b958c64ba5344c572e69f251f
BNCI2014_001,EEGConformerMini,0,9,TTA_CONTROL_REPLAY,results/cedar/feature_supply/cedar01f_bnci2014_001_seed0/BNCI2014_001_EEGConformerMini_seed0_9.npz,NOT_AVAILABLE_IN_THIS_REPLAY,NOT_TESTED_IN_FROZEN_FEATURE_REPLAY,0.15348585199331044,0.17018214260514875,0.016696290611838305,0.9384744267900843,0.9317018684430999,0.8816295498440028,0.8691468814046027,"[0.25, 0.25, 0.25, 0.25]","[0.34780387471875185, 0.15075982881141503, 0.18968486000967003, 0.3117514364601629]","[0.34767411887891936, 0.1504680125415907, 0.18985126213426384, 0.3120066064452253]",0.055148775344984274,0.34375,True,12.545985901103938,0.0,1043.7023082866679,1043.7023082866679,0.0,18.119173726327837,0.0,7bab5c4408b9cd26e5382c3c84f7020281936e9765b031a1d2c0a08f1a20b9a2,5bd06d2a2c8e465f25d3c15aef36352b6bd5d34012632757f5ee989e4adc2455
BNCI2014_001,EEGConformerMini,0,9,MATCHED_CORAL,results/cedar/feature_supply/cedar01f_bnci2014_001_seed0/BNCI2014_001_EEGConformerMini_seed0_9.npz,NOT_AVAILABLE_IN_THIS_REPLAY,NOT_TESTED_IN_FROZEN_FEATURE_REPLAY,0.15348585199331044,0.1229584882210867,-0.030527363772223745,0.9384744267900843,0.9506956874608434,0.8816295498440028,0.9066726455931323,"[0.25, 0.25, 0.25, 0.25]","[0.34780387471875185, 0.15075982881141503, 0.18968486000967003, 0.3117514364601629]","[0.30711015132906255, 0.19961182314294365, 0.21266362623505283, 0.28061439929294046]",0.01627521860545028,0.3003472222222222,True,12.545985901103938,12.545985901103942,1043.7023082866679,0.0008584554463456235,1043.701681889514,9.404788641502357,0.0,4f4e423975aac0f9c7bc37b661436a3e264811bfcb10f83ec57119993f8ff007,8dfc9dea3c5647ba4f1e057ece5920db78bd7130db4bf1d554d938d179f35baa
BNCI2014_001,EEGConformerMini,0,9,SPDIM,results/cedar/feature_supply/cedar01f_bnci2014_001_seed0/BNCI2014_001_EEGConformerMini_seed0_9.npz,NOT_AVAILABLE_IN_THIS_REPLAY,NOT_TESTED_IN_FROZEN_FEATURE_REPLAY,0.15348585199331044,0.15910391566130555,0.00561806366799511,0.9384744267900843,0.9344210844364073,0.8816295498440028,0.876741425042479,"[0.25, 0.25, 0.25, 0.25]","[0.34780387471875185, 0.15075982881141503, 0.18968486000967003, 0.3117514364601629]","[0.2766243543977543, 0.2200587441845013, 0.2037865170990788, 0.29953038431866547]",0.012412248289035699,0.3072916666666667,True,12.545985901103938,12.5459859011039,1043.7023082866679,1043.7023082866676,1.594918811864182e-12,17.76421406998236,12.5459859011039,a7407272680585f4fe41605cd30a7e27cf2be9c5b24d9aa7ef17ee859b1d9772,da3041de264d607391360eceb995c4c5a7e027fa4ceb151ec792eaf337c3eb4a
BNCI2014_001,EEGConformerMini,0,9,T3A,results/cedar/feature_supply/cedar01f_bnci2014_001_seed0/BNCI2014_001_EEGConformerMini_seed0_9.npz,NOT_AVAILABLE_IN_THIS_REPLAY,NOT_TESTED_IN_FROZEN_FEATURE_REPLAY,0.15348585199331044,0.1022013475976855,-0.051284504395624944,0.9384744267900843,0.9577590517360766,0.8816295498440028,0.9159724984010162,"[0.25, 0.25, 0.25, 0.25]","[0.34780387471875185, 0.15075982881141503, 0.18968486000967003, 0.3117514364601629]","[0.49690971617113555, 0.1436680221242275, 0.11247026773697903, 0.2469519939676572]",0.16889768528636045,0.4982638888888889,True,12.545985901103938,0.0,1043.7023082866679,1043.7023082866679,0.0,27.42861310587398,0.0,4629f5d8c6fdd467ced3dee11e2b581e1b267ff6818067364e2a4bfc69bf956a,3d215bea6d55825fa79eb3ec8a07d9ef19b2a69ff61346f1bff0e96bbd1c8f09
BNCI2014_001,EEGNetMini,0,1,ERM_NO_ADAPT,results/cedar/feature_supply/cedar01f_bnci2014_001_seed0/BNCI2014_001_EEGNetMini_seed0_1.npz,NOT_AVAILABLE_IN_THIS_REPLAY,NOT_TESTED_IN_FROZEN_FEATURE_REPLAY,0.4529096508480803,0.4529096508480803,0.0,0.822523509541889,0.822523509541889,0.6897588578106306,0.6897588578106306,"[0.25, 0.25, 0.25, 0.25]","[0.14841416290457632, 0.18575932858541144, 0.6359167723802114, 0.02990973612980165]","[0.14841416290457632, 0.18575932858541144, 0.6359167723802114, 0.02990973612980165]",0.39762617985987037,0.6684027777777778,True,0.43309834070449643,0.0,0.11425026377583945,0.11425026377583945,0.0,0.3404447532026054,0.0,30061fc171de980fd26d3c6888af8c4dcd4ec7853a29231f7ddc0022414e61f5,ce78a03edbd4914e1921e22ba14c4b69db1b634b958c64ba5344c572e69f251f
BNCI2014_001,EEGNetMini,0,1,TTA_CONTROL_REPLAY,results/cedar/feature_supply/cedar01f_bnci2014_001_seed0/BNCI2014_001_EEGNetMini_seed0_1.npz,NOT_AVAILABLE_IN_THIS_REPLAY,NOT_TESTED_IN_FROZEN_FEATURE_REPLAY,0.4529096508480803,0.473699472470486,0.02078982162240567,0.822523509541889,0.8142876096079281,0.6897588578106306,0.676985220156787,"[0.25, 0.25, 0.25, 0.25]","[0.14841416290457632, 0.18575932858541144, 0.6359167723802114, 0.02990973612980165]","[0.1492110403361751, 0.18671681162218767, 0.6327717712796095, 0.03130037676202786]",0.3910815819797124,0.6684027777777778,True,0.43309834070449643,0.0,0.11425026377583945,0.11425026377583945,0.0,0.3404447532026054,0.0,ce3f7958820bdc7336b773f2e85ffbebde90911ae5ec91e8944f898eddda13d1,6529cea6ec33b0aa7ff90e94375c93aab540ecbbaa0cb330fd3b51b9f993f11b
BNCI2014_001,EEGNetMini,0,1,MATCHED_CORAL,results/cedar/feature_supply/cedar01f_bnci2014_001_seed0/BNCI2014_001_EEGNetMini_seed0_1.npz,NOT_AVAILABLE_IN_THIS_REPLAY,NOT_TESTED_IN_FROZEN_FEATURE_REPLAY,0.4529096508480803,0.6557206179504268,0.20281096710234647,0.822523509541889,0.7290764137917773,0.6897588578106306,0.5324875598457459,"[0.25, 0.25, 0.25, 0.25]","[0.14841416290457632, 0.18575932858541144, 0.6359167723802114, 0.02990973612980165]","[0.22450198757162557, 0.26066321342030024, 0.2660982104844523, 0.24873658852362202]",0.002081871098945258,0.2673611111111111,True,0.43309834070449643,0.43309834070449643,0.11425026377583945,0.0013957621004483058,0.11306865065765637,0.11705395186271281,0.0,9ebca0bd84c0c30dc8d8e28d6eef808806b05de345a456528742b7a1c05a2b9c,6b9cf56243f8340c5a159a6cf32334b324e933b4a8598e79dd21741e0216a3aa
