dataset,subject_id,partition,within_panel_role,subject_hash,source_audit_hash,outcome_used
Lee2019_MI,31,source_panel_A,source_training,0a3988ca9060827a2c96eb35066cd86655fbe453529191fe576191c11324ed10,004b0c4ffa3ee481f21c76ecb9e4cb46b67d4d8132f28b780bd404bcb0ad40c2,0
Lee2019_MI,28,source_panel_A,source_training,0fca383b78b87fc17d1fa8c90196785c4f54c8acd4cfb143ec7ff454c9353e74,01d16c99218ae03647a91ccd5a9a1a6522227fcde3d33101232a61160cb2e0e7,0
Lee2019_MI,5,source_panel_A,source_training,08ab8338afa7ed9a5994a1db6fa5118684e63a7f7e981e045f21722c6783a0f5,07b0ff1da557a04dad49cd9b1e9ea0a795bedcf761ee14e37bb43c2474ef015a,0
Lee2019_MI,32,source_panel_A,source_training,056766570433e783974dd08f15ebf9531c6e12075983aa5adf8769869ce96dd0,1e0dcee9d0bb31a253ac49a7244253bfc98ff8a318cee2b69fabad5f525acd02,0
Lee2019_MI,21,source_panel_A,source_training,16f7f70047a72458fe1f4354a2aa97d837d22b45e64fbf92a5a517e5444604bd,1fbee6598369a976445ef6c62d6c350ce5a81a869330a78a33a8b02cf9962243,0
Lee2019_MI,54,source_panel_A,source_training,1c1acc0e5131d13e7f25d81ee0ea7f2b17fca977c9d8af5a0b3588c353a33d8b,27e5d7d215dd4c01ca6d0d9d236b0de4b5c173a6401b815022d43a8035485072,0
Lee2019_MI,18,source_panel_A,source_training,01154eda90201acb07336fb47f4a36d4245cc61e4e1394d27d68acb2c662e5e0,2c2ca5135da84d26eaa1af0c2950ed2ce15a9f367e7a95bf99f79ecdc88db19f,0
Lee2019_MI,10,source_panel_A,source_training,1986f4384721424b0ba859cfb7dec290ceb9cb3c7c8c7062f5fb2f9a2bf1c558,3342db65acaa29ec82c7c0c980b47d93d106fb0762344b6a4d9d16e4add82cae,0
Lee2019_MI,13,source_panel_A,source_training,1969618467c7711868eeadf4b1ce4f6378ccbba1a23a5e2d6dcabf68b28b4de3,4bb0644a732745089309757267c1e602e4fc87e7728e428dc7dbfbd1f48b9043,0
Lee2019_MI,4,source_panel_A,source_training,1931e27496eca2bf642c3e47b0f742880fb72b64b96900a569bfac97e07f1ad0,551e4f53def5c9d2ffafec44aa4b22f43c8f160a515e3a1d329752ec8e4fb7d3,0
Lee2019_MI,24,source_panel_A,source_training,0784464382baf417fbe556b10c0d31ef61a6d5656971900986bdf87a03c4c4cc,79decd1478d5542bc02dbf0799839767c1ae0a6bba2e4e5f20f8d7f528a40473,0
Lee2019_MI,15,source_panel_A,source_training,0b0bf23aaab147b2a8a3b611df4f8e13372c125f89b8c562c163e66605afc937,975a533c5729fae7d6310fd33974c0fb884655e0850d8f45ebed3ab3d049e99e,0
Lee2019_MI,33,source_panel_A,source_audit,118ef63063597307f1e513cfb5dc11f42c53b141d0b436623d8c49dd4e800149,af05bac5db534a6d566e25aab66bbcedf4be249fb304018c811b5767a330209d,0
Lee2019_MI,53,source_panel_A,source_audit,2a2cfc996cd4c26db048900f2142c318f68cb15f5c10660f3acbd549b7dd480e,c67e81851c2f658989cdd6f21bc04b9e6bee9ec8f61ee9fdbfc13f61882b4838,0
Lee2019_MI,34,source_panel_A,source_audit,1020c08315c81049e64cb50a67b01fad39a9bbf08d1d0addd82056a4d39d374c,d6afbd4952be5921402c27550324ac442ab463f52c760f55f63be26bdabbd778,0
Lee2019_MI,40,source_panel_A,source_audit,249b3d4dea15de2f58eabb36c8e03b6953f655d65014f6bc9abaf6adb35dfa76,e8a499fca6ba2d69cb561d35104524e809b1dee7fcb909ba217272f4304d3ed0,0
Lee2019_MI,16,source_panel_B,source_training,7e09a8797638a1771f870cb0ef2bb833329fac74c80572e698fadf06d0e06d1d,1efc41f310274acd28dc2220782a7b6c8d666394054953b74d73fa853262fd3f,0
Lee2019_MI,39,source_panel_B,source_training,60c663e39166096a57d3274cc1914b965fd109297ba8c8b095f3e56c18544ef6,232606a7a0e9c6d5dafe8422f2f294e4f0e18ff9504026ad50c67f7b83a6dc5f,0
Lee2019_MI,44,source_panel_B,source_training,6c4de3d56c10df41415398edbbc6c24a7ed0aa1be43b5dd52bcd237f46806caf,2e4ec2a812567dc5d84baa5dbf2598db755c1f62777ba0074317cc4ce5dc01af,0
Lee2019_MI,49,source_panel_B,source_training,5559145affc92b8b528ee8229dfc5e7d1d7356a388914adc8018ada441b32578,3941493a65963e6ac9946e5fd51d4681528d67ff1cdf8aec14fefb9dc9c9038c,0
Lee2019_MI,36,source_panel_B,source_training,788240cb2298bd98e23dd67da432c1bd5eb576676c5be504bef8e2dbe417e715,40e1143b7b84fca377763ec22149c2201ae755307f03fbdee978221c50bca168,0
Lee2019_MI,7,source_panel_B,source_training,4e19ded678527cee5546a993b924f2de28bbceb43cbbbd2270f7dbd15023a7ca,453825103b675b1a2cbc2986dc005f3e2d7031042ba2c3c8c1960a6e5319a760,0
Lee2019_MI,2,source_panel_B,source_training,67f5ac36ec1f5372caa69e31c41eb1edca0d98042b9984c5883631ffa75c4908,68f917949744554dc22d3458f6f0d3b0394deeabe81b6fc91501bffe9f71ea60,0
Lee2019_MI,27,source_panel_B,source_training,67c8a322ef84a3425c0ead7744e9105a3922bf662965bd96c5a0693ffd4cc4b7,7aca110282936648d08b868ac541d8d982268f79d073ccd0e846b046c3743cdc,0
Lee2019_MI,3,source_panel_B,source_training,67678ccad4c1004d214922e4df6095c186006ae24a915be64b3a635a34c843d4,86c911b20262de22f06096867c6fa18cd351a658bf33820ae1cced81eba416d7,0
Lee2019_MI,38,source_panel_B,source_training,8f37d96dc3d97d643a4377b3c6b810e659ca56f42faabb9073d9956e35fc5ece,9b2fec1d9ec7681be01b8e249c55d42fcdb6c9d2b410988b8257aa5054bb9514,0
Lee2019_MI,23,source_panel_B,source_training,41f84eace30dda1fa7212ef1c7087ab844076a565a42f45cf76e87a3f37494e2,aa169b81e757b28451a1bc334df3a6ee9f3cb3f273b21c7fe7afa486cbbdaba5,0
Lee2019_MI,30,source_panel_B,source_training,4304dfd26f8be3f21cca04f502e7ceb55ee7f1efd3e6c946c74067b38f96e941,bd23b7cf5cce8f046955906ffd27dc49c009a6ce1e609d15976fe721b10c54e9,0
Lee2019_MI,43,source_panel_B,source_audit,6cb3f60de140f3f0475e1453f0d94b83c069b83cd7be39cec1fe13c9d24a1c0f,da3458c2145531dfad35cda9fb7f85985d0ad73d61b55f64a84c4b24cf417e90,0
Lee2019_MI,42,source_panel_B,source_audit,8d28452c95818617d303eb4ad727b587ef6ef57ed60cb54f049b79409ee92b22,dba88ad3a88ec99003cfefe9264cda64369aae64afb4fc85862d466594d82bce,0
Lee2019_MI,20,source_panel_B,source_audit,369f93d298ccd468c699c0c4af2fd7ddbe8ca9bc4aa023b70a44c0940aff6c6a,eaff8b6414c681b4e0c00c65b69b2035cedcff24bc6550482fc56dfdc900d234,0
Lee2019_MI,51,source_panel_B,source_audit,590ed1869bae31fd767214b45b9ac5190c4755aa848a14de512ca0e1e64f6018,f89f61e7876a601d780f3c5ca53df64ea5356287740e72fdef5502f852f88e06,0
Lee2019_MI,19,target_population,target,905001fcfc97dad316e46c0176069c60e167a58d85c3f510e2492b0fe9499d50,NA,0
Lee2019_MI,37,target_population,target,9172b23f2ec548b7d8c1bd6a2871f8b19396fdbad5aacce7f0878332351b56aa,NA,0
Lee2019_MI,45,target_population,target,973994cd6993fa15c505a9ff8afbf2df3c759b697aa59ce84ca5561ea14ca837,NA,0
Lee2019_MI,41,target_population,target,9a99ccc39aa83b4b6a7886f37ba3cafb4d3808064e7595c465adc86436a682a5,NA,0
Lee2019_MI,12,target_population,target,a01a02dedf0f34abb2dc4e0470539bb6c0cefaca4d1f1c79ec91a5bca33e40e1,NA,0
Lee2019_MI,46,target_population,target,a2fae8f0cda5a7986120e79811efae7320ad151d0149fe0ea2a38ece164f4f57,NA,0
Lee2019_MI,14,target_population,target,a84bc605c0a32f0b7e0d879cb6baf9ebeaee9f9b43e21cba8bcf93f3a148cb2a,NA,0
Lee2019_MI,8,target_population,target,adac4058f9b3e448b1467cae0795aceca9d07472444c737cda6faa517b7e9a88,NA,0
Lee2019_MI,9,target_population,target,b542c80baed94c89531c6c468b004b37689e8e2d3a0636bde514fe14ed1cbee5,NA,0
Lee2019_MI,35,target_population,target,c16fecd9ce292f5dce1e7e19c44b401590dd4f9bbf98ada9f0f8d5eb78ce8842,NA,0
Lee2019_MI,50,target_population,target,c7c88d184f78cfbfb59cc55da411dd1cf0cd47931839d88891a2b1d7c2f29eb5,NA,0
Lee2019_MI,11,target_population,target,cc2494b565f9698a78ebf556e021e5a3acfe71bf8215167c8978a09a59c27f20,NA,0
Lee2019_MI,47,target_population,target,ce276d0fef8707184ea054bbeb260409529561bcd2ff9e572d4b44f02d6a1fc1,NA,0
Lee2019_MI,6,target_population,target,d633a41d9ee1c4802ce5981f3383de655fed77400eb3e2fa1cf26f879dae5994,NA,0
Lee2019_MI,25,target_population,target,dc4a704a875ac0347753868ea95ad5ba0fa369221e168e08e314ea36ec629862,NA,0
Lee2019_MI,48,target_population,target,e6ca52dd15bcd99d842230ad71391db8e762f255737e82b8a740e9860707e38b,NA,0
Lee2019_MI,1,target_population,target,ebbab2155acab5d139a31b46f29b49c271f70e843219fd47bf01c51cd9fba0ce,NA,0
Lee2019_MI,52,target_population,target,eeee8c9e60cb5fc4a6f5f5c72687d523eab43262aaf3e638035576d83b18d036,NA,0
Lee2019_MI,29,target_population,target,f3283d5ebbd507f28d5f65302edee6442d85a16c883163fdb84384174ea48499,NA,0
Lee2019_MI,17,target_population,target,f5480ad377f0de6362f5862f97cbf8dd7ca1bece66e19b407d7f64df220f86e5,NA,0
Lee2019_MI,22,target_population,target,f56dc46f56ed1c0c1b72c85230f28e02846f267bee9bfc8e108ceb4657ef0e0a,NA,0
Lee2019_MI,26,target_population,target,fb9b5251988218be478b4a2aef852a0f23391da00d84c2da951682cc2b7e0378,NA,0
Cho2017,17,source_panel_A,source_training,0e80b3e56729d44d03255d884a7ccbd5ae290e74a69f6bbefb5de916c326a61b,1a34f4daca2096582e2e270400d1b329f37964ffdbf3e576935d117eeaf6e8e5,0
Cho2017,38,source_panel_A,source_training,0a6d99d8edf6459eba9304300963a304d0bd119230043becac84b013b24feb1b,1f531a308693ba12a15d85a38e84288f5bc13264ed366f3e1ebbc7241ff2b23d,0
Cho2017,49,source_panel_A,source_training,0a30386f8be007e5760a5fe33dfea02bfeebe98390d0229b01d021565d01dcd1,24fa01703696ed3daa2a3ec43007f962df2b1b8764796980648c6f1af19ef2a6,0
Cho2017,52,source_panel_A,source_training,2045a639c03d9bdad6744278edf88948729d9e7e0368c3bb7b686f8b70516244,25c3790af2e170524fb5bd786592789e8c327f8a2baaa7168de98631f66ea5f7,0
Cho2017,33,source_panel_A,source_training,1a292992943ea7d1a6845f2de1763b8377588551741a621522d3673ddd2b2f4b,3af5e44ae8aee2566faddeaddbd9c1953f1631d072447115232d16ca4f7a6de1,0
Cho2017,51,source_panel_A,source_training,370c2e19d7ac1148241526a76d590a1fb47b6cf670b2b39472d789884ec4cd38,42051d209a290e2d84d7a6b71b44bd1258d15cf4ed345485b07fa7e066691bd3,0
Cho2017,18,source_panel_A,source_training,000edf500bf0ab187159df88bc6fd5e544be3c675fb24090a5e10a1253ad3e49,4be2a4c14df8c8a5950ed6ad419ecaa937639eed08a8bf403dfe70cc8a883090,0
Cho2017,46,source_panel_A,source_training,39115bc5eea6a8681bdf3cd162069ff40436b3d7519e56caea4048e384afe002,4ff84cfb4e23bfc1840b44bb6b7ae5a1a419326f98797e2ec44356b44238ed86,0
Cho2017,19,source_panel_A,source_training,3d834959f1f692409ef405709e912ddedf5738b37afe1aadb0d409caf9215c4b,5b637bc031c5b6c06341e4155a268ac68bdae099ad52555cda0c10b3fee09733,0
Cho2017,28,source_panel_A,source_training,2fee082d1e31428228614b9d813fc6a377f3c0f5a0a33dfeca18d9c62f432bf6,a74724ce127e7ebbfceb6fa05d5371dade5a97e49ff050bd430adf7001f4dec8,0
Cho2017,35,source_panel_A,source_training,2adfdcd0adf079fccc113a9df14e0a1dac9bf8f7b01b1d9dd718042ab49fba8b,beff6fc0a46f7cdf94bc5adb4b5398fe86ba124812db8eac39b4b5180db5d6d0,0
Cho2017,23,source_panel_A,source_training,2c64cef1b958087a059c3245c761cf1ed8ed35f3598d07c60e8179193a850582,d561a9446cf061af82f144551b5607125c545b48a1b5f6c6e5bf8ae200f6a431,0
Cho2017,34,source_panel_A,source_audit,0fe5e9f1b49df6d1f4e5ab98896e33f28806ddbf0c9654dd567286fc4d43d617,d66af26172ac479108d171a25f7371640302658ab1ea00100bc4cc24cb4d7480,0
Cho2017,11,source_panel_A,source_audit,295831aec782917c3f392beedc776ffa32fec2f5981cca71cd9b4f1b212f6b68,dc25b1110a0c0b99b8fb36a8e779ed816316613bc9f157726e9a73b3635f8229,0
Cho2017,25,source_panel_A,source_audit,2e8f9ebd2be58310e1ea1654d91348022b6f611b247b7c9b90953841910ad970,dcbc04838fe2161cc1ab8fed6b51aaf41fcc1e3eec362b5dd6043e0e64334208,0
Cho2017,14,source_panel_A,source_audit,307989b875f724fcf0804adae437cde6cc46e4b80a6e9edad73c872d4accb559,f034b2e285d6d56ffda3d1ee0800126488937b933f30feb0f75908dbfdaa2b6f,0
Cho2017,37,source_panel_B,source_training,9b37bd091775eee16fc9c77470c6202b432fdea04b33f84c1041fd927af54fa6,0456501a0a3a54e80beba9c8a7d8cfc2f0da5a51da8f023456214ed8ddd7255d,0
Cho2017,8,source_panel_B,source_training,63e3fa1c004701e83d189ca147dd2c56526b897bf39737ceac9989c319ea6630,11e2652d39cfdde49ea4b6d83e7f19bdcc00f0d8e79c420611ffa7e828922734,0
Cho2017,13,source_panel_B,source_training,a6e4ae85312645c096c5af1d79d2646e56a816d34eb7a350b774bc5543e191ea,2408fe60062c27c64870dcd8a02e3420e1f30d347dc03259906ea122a07849ce,0
Cho2017,29,source_panel_B,source_training,5854408709197a42082108a4dc571a8d469c859324865c0ea9b947d66ef33352,2d97793cf6a59dfa88147720d0cd47ec60a7106e2d1b87f7aa9c03d9a2a4cada,0
Cho2017,5,source_panel_B,source_training,6f02ba8c765fcdd9e7cf2b443870967a017cb6f66e9e90991ad4e8a7e468b685,3952a06055067bd67377ed660f7dc14a9829ffa39db7388c991d2f27feb5adc9,0
Cho2017,27,source_panel_B,source_training,687de3647106a31b82559bfc045e12088541ee919b7f1b58b15f87c66e76c53b,40f2e49a9a38081cd522489b9b5ef83a1a9f32e3f705c6d02a7637b51d4e332a,0
Cho2017,42,source_panel_B,source_training,a2c739b9ce16ecbffbb652f716d847c49101bf33bc641bfa5e29c8f2925dcea7,4184ce7e8fac27695bf5a5553c2e8118a76f5ba02c1b3b2cd7b1419fb1bbd255,0
Cho2017,32,source_panel_B,source_training,4a1fd51fcf1395cb7666bd847bfcf20243fcec2cd9d0fcd926ff24c031b213fe,4b25af2fb4c1c2568ae993c5583987891f74b598529ed731ab224b8992609e4f,0
Cho2017,26,source_panel_B,source_training,4c52819e01ed7e495546e369f2eb0c0c06ebd669a513e62ac78f2d33ba1a249a,605a5fc6941a8a7e87b46d2880bedb1ac80af189316bdc212a964dd18c335061,0
Cho2017,6,source_panel_B,source_training,9167e6e2e6970d175f1008bca42e518c790b1b22cfda6ab1070c0ffb4cbe220d,6392865f20b62d0995d46ff795f9ed5c8afa67e7c03c520a29a8a1e5cdaf7a33,0
Cho2017,22,source_panel_B,source_training,92a091021f4c2cb02d2d642043eb1e03325960070cece50438537b80df08a3c1,66df4c7890425284ebf96b8931451f3eefd1c47a1d42c277c0fd67886fd26d64,0
Cho2017,15,source_panel_B,source_training,5b2457f978f4e652cda7fe98f9cfa124557039ab1b26484aee7c5f35b2450e34,6833a377fdf4a1d6f9c4d568d5e6ff1a861b443604adba9d67c6b13109bb4291,0
Cho2017,44,source_panel_B,source_audit,941ab526a3493cddd326db7b30c28696a4698bd8e54457a6c21f65538af920ef,a7ae5681fa9b116556196f7c38270ebae280fe3267cb74e6e3fa4c25093edf29,0
Cho2017,7,source_panel_B,source_audit,75844a28adf2a8ce938864dfd9eca910d8b90f38813176b2232ae49953b89550,a8c63134c320bf02b668686ba5c79240c6d6c0c419076bf13ac4329ba063e6aa,0
Cho2017,39,source_panel_B,source_audit,4698a8c16506a1efd79da65897130e3206541ede774bb677c00485369dcec510,ad5125311073b6f0b7c3050946c98981810e9668efea57e1b3c3b38d0722a7ef,0
Cho2017,9,source_panel_B,source_audit,473441e026220f501b1f638cde687211380c53ae9fae2c3a92b82f9d73ecbd48,cf9e4993e3eba04c94f88ea7e21b69176c3bb3b6007838c1de6464caedee2653,0
Cho2017,24,target_population,target,ad233f2f2c7ba734b481dc7e07c3d2fb36ed826d19a27557e4a2fd9a74ec368f,NA,0
Cho2017,48,target_population,target,b42e79f9c88be32d2e710040180b5780c89450dcb8122dd5f6a593451e545f1b,NA,0
Cho2017,3,target_population,target,b7da44e47f433ed71f252f0f1af8a80947a3e3427bd3621ead0911fdc1f1a1dd,NA,0
Cho2017,21,target_population,target,bdc7c71d974525d10bfcd229357214cd1a9a95d0354787b632c91cb3c03ed942,NA,0
Cho2017,20,target_population,target,bf510dae597ff3ecf3c596f351fd887709d35dc6a79f5ff6da1d7d29a1483f04,NA,0
Cho2017,43,target_population,target,c411fe12c3464b2b504559e030a800821b04268aeb09fae28cb299b00c2a339c,NA,0
Cho2017,31,target_population,target,c79a91fd00e90bf476129a7d4a2d3a9f1f0c429df3df324675281a89897bdfce,NA,0
Cho2017,2,target_population,target,c9f857a80ece572a6b4f29188ff1715c80eb2d2b84aa83a7d0e390a3ff4499eb,NA,0
Cho2017,30,target_population,target,d75de438e9942addc5619c7450dbb117f9847b8d2edfc42eaae84bc2caee8d1a,NA,0
Cho2017,50,target_population,target,d7ca1d9e18138c227446a15bf602e5ba3e673dc399c155cec113881dd391019a,NA,0
Cho2017,40,target_population,target,d99e81bd1d3f08c312a70d83ab2723881511ed4a00281ab2f780327df849862a,NA,0
Cho2017,10,target_population,target,dcfb6e707187d8aa9ee389e97054afbb5234030870821191d4b519e3e95c6f44,NA,0
Cho2017,36,target_population,target,dd7cd1da38d4d720a29f7915e8a356c42ca84c5be25bce929c43974317de4652,NA,0
Cho2017,45,target_population,target,ddf02ac8811d5cbf873306a82082df23d8b832af11d06d1f10fab506ec8d30bf,NA,0
Cho2017,16,target_population,target,e5a7e54affd8ffdf4de65a49d280555b30c75f3d43c542c5224324e7a94d0585,NA,0
Cho2017,12,target_population,target,ebe861b4d28878cbcd24f450f7a532cb1b4bbfa881b82cb2fc486d51517a38f6,NA,0
Cho2017,47,target_population,target,f4f42c457befaf22e6d5de78f39306b671f9a483309f3e05c49114b0abad02d6,NA,0
Cho2017,1,target_population,target,f5152cc6ae67a81cbd4735b651d4e7771389551bb535fee15c8439b1dd657a4f,NA,0
Cho2017,41,target_population,target,f944b9a1e39251cd1dff83a7bbbdd914dc3f01281a47c9b735b905f945811688,NA,0
Cho2017,4,target_population,target,fe8bd7cd0f1c359df660135e66d88f4b1a9f2f252eeaaf6ade773a315ee73840,NA,0
PhysionetMI,103,source_panel_A,source_training,16b07da73a6624d108d879ce34a79bbe74f2d62a01046fe90f55951f65575e72,14ab731be2e34a89b5290e9b8101f622d5aa90e46a540c9b330fd769ec94855e,0
PhysionetMI,9,source_panel_A,source_training,1b2174b2c48911e30faf7e9ca4362878443cb33313d5659bfb5f133ced948b64,15654670745dc6f59761ffa5db5208c0fcc9d1add9122189ac0b01219f8828ce,0
PhysionetMI,99,source_panel_A,source_training,21011907c848f4991d65c38ff2d665097b5fb475851eab45130fa5f9e4b8f312,27887a79c29a08e49d586bfb5169db25af9933693b3846108682b4a469724099,0
PhysionetMI,101,source_panel_A,source_training,116e02c6b618b38748b5b231047feb79e5f1aac17f13d465426d31a36189066a,33fbcd5bf2cd36f9479672b0317c33f768cb925d7a77b49365af05b47782b70b,0
PhysionetMI,24,source_panel_A,source_training,0e698d0b4a4ab83831b934ea30ac41546b48f9a6a9e38f2a144f9d64376e9289,35aca8afa453c22e3f27b63499c9631a307f19987b9eae17e1325a18244bb526,0
PhysionetMI,28,source_panel_A,source_training,11a463a3f651ec3c27a771bf1db73453d0323b65c77fb9774354358918475053,3c3d153a777da5ae709da4ed655979ddeb0aaab25b5c731125a166e7ad244e82,0
PhysionetMI,18,source_panel_A,source_training,1345a224534748c79ac8af264642ab5312fac58e079748965cb5814707ea3517,3d00fff47cc308b40de30e16b314b623a9e9e9bad5f15b6949c4644bb4ea8e16,0
PhysionetMI,25,source_panel_A,source_training,05b17e3f44f541a927fb20fb2a88c4feef00b6c52152d0675ca0f513fc7a9949,81802706722faf9776dcf372030847b7e58728c0afebe09421c33b1a193de106,0
PhysionetMI,19,source_panel_A,source_training,13cbd14a143ac6bc771b9fa0890b8163263ad1ef259a768f6774e0a36f316c7d,ad9cb1700714cbbc754b938785f8a0aebcb1ed7dd6ba2ed3364b4c04c727a736,0
PhysionetMI,89,source_panel_A,source_training,152965ba341c66647f72bd2133c8223ecdf9c767eb04869c47cfdbc9e7420b5d,d3831c904c6a0fe35a742dba68e90cb811686a64fbfc725f26798d66c595b72c,0
PhysionetMI,84,source_panel_A,source_training,1a2d89f41b5950bd317f98ed977800e5ba8b66c36303df2a6ea2bad144b54916,e44ebf309db1089b813c7213d9d953f65ff8b670eabe7960a9ee4db8eac7d933,0
PhysionetMI,83,source_panel_A,source_training,118971baa30cee50bd4407e3a5e4b187b2c9a99a9605e6c65b54c1ae1fc35ce7,e8b4e70d2e157104ed8d359523737852f0506a0f51e42960f90b4a13f0495a63,0
PhysionetMI,59,source_panel_A,source_audit,1b4fab292bd5c25e5696642206532f83bd0295578eda83acd98162a25e7efc48,ec60288fc6136aa09e714736cde7be30b9a005797ec55e80f817ba630bde6554,0
PhysionetMI,39,source_panel_A,source_audit,1250a7a88a51bfbe9211f19890c7291c0b1d85362f65f5fb39045170a960014a,f3b60b2f2f0e2142b06cc9b67d1c2fb7f323305424d4f94f5538c03b105e7d1d,0
PhysionetMI,72,source_panel_A,source_audit,18968e1a0deb6c156bb4e7cc81d2a794502a017e1895dcdf487acfa8cac322a3,f5e717958c73885ef3c08c701c273fb44639c5c525b09d490af035480c5077c8,0
PhysionetMI,40,source_panel_A,source_audit,08f3993b4d858980d5633dd4386d871545a364e8a0a7f2bbf1f2db3919e63a40,fc2cc4ffdf6fb209f9cc55f509bf3dd48a020bf300214670ea95ee8ed12e73f5,0
PhysionetMI,109,source_panel_B,source_training,3071c1b14c7f58e93216111128522321639e77a3ff3de286cd3b985a5f63eb7c,039ecdfcaa4db2974ff3b841bfc70c798a5da67fe98b1315bff213e20bbbf640,0
PhysionetMI,49,source_panel_B,source_training,411f2940ba33e3687e5709dc18cd89d41c0df1bfa0144d25b95925fe8bdbabf7,1f6024031720b0fcd5a371430e45d8cb7a15a94e0e1bee64a9502d21715edd3e,0
PhysionetMI,14,source_panel_B,source_training,21082078d68ede1e1c06a94db104890e3c5b08b796b4b94a01cb710a440711d0,2b5067324f230e17b5139f5e92f2ee3ebe9ce68e222216bd76d15ef74d6d7fb3,0
PhysionetMI,91,source_panel_B,source_training,26c14cda5ccee37682d4bcc142556adba3bcde0de79cb2c1421fd46f534fbfa8,537e069ce6526e91e0fe2aaf9c25a721d2318dc59d38deca1b4cbc8f04333a62,0
PhysionetMI,26,source_panel_B,source_training,23768c0e500255ad4ce12ed97b908f2b344cdb2e1c1eb0908c1aba0ee01f602e,5e8f43d1b5710cd0fc77abd5c69a403b078b6d2603e6a7916a28cf7bc2c72253,0
PhysionetMI,51,source_panel_B,source_training,2ab0423ba2d439d325ef0c08849ddd7e4f3d9adba0e7373e1dbf2aacb9594877,6459369c4777f4ab33bd368ff8efbe0424e4d32dafa875514b34e8df07247ce9,0
PhysionetMI,6,source_panel_B,source_training,3eea676058cf10c52c0dbd302141d7e6a164a9b49758e32f13017dc527e6e84b,765f528c198dcb70f84f6843fd510cdad413bf0937d26f82605b5577e006b29e,0
PhysionetMI,66,source_panel_B,source_training,230c0529fb03e8c035609fe6272427534e2d585e180120c18287aca89b6252e0,782e50984599cc6c4333ea0cc18f8324bb7d8be78fe92d98071e86d23dce15a4,0
PhysionetMI,81,source_panel_B,source_training,2beec958ca3e6110060d453f6120cb58836d46679ed547c4833a9d0b6079d92a,78b03a0276183d3a416428c701dcd47c2ecb5ea4fee56f76ebb15de04dfd7c7e,0
PhysionetMI,2,source_panel_B,source_training,242b8e2533001de940dafddfc6114e674db5b63333a282e9433c765cde9ada99,8906528cdb434f7330a234d2f43ccd76e603bf0e23368e4450563adb506a84c7,0
PhysionetMI,11,source_panel_B,source_training,3e9b8cf7a0a09b0079344d0d47b5b0bdc4be92d9db8175d77b716714f7273694,998b08ffb6291d407c75d0cb89f489a313349a0c07e9c519069d4e9971b1727d,0
PhysionetMI,46,source_panel_B,source_training,2948e90c8ff95934e0fdc3ea270f66d24e86b3320e2c3b26e5db6fa999dad368,ab067c80c811626016a1ed1a87a3aeca348e75093bff69cb0b5f7511cd097cf1,0
PhysionetMI,27,source_panel_B,source_audit,2d4c3ba49a889015462527609faa385676a2afdd9405091a18aa7efc0f3b2ab9,b62dfe64ea48e17b6fb49237f1aa9e88d79adea533c720d03b5530f8c9f01356,0
PhysionetMI,73,source_panel_B,source_audit,232c3e1392269466e4546736fcafcd96c0ffc7ec667fec25657cc4046b193f45,e2005cbda3da2e9044752431c03e5a11d9686272199fc39c6a4cb76daa81554d,0
PhysionetMI,65,source_panel_B,source_audit,2aace9c8341fb469337a57cfa5d74b164fdeec29b029758de5f2a0a764ad7005,f4a97229a77475e286ce6c39f3132c1c7cfd64bdab72e4c242d4f5b1ace25fcd,0
PhysionetMI,31,source_panel_B,source_audit,3d6b8cd72490a7169dc39e4bbd451c29a8aa46e6cec649077fc9ff3c5bc4c639,f57d6cd3b0280a327d65b4cbab7ab2be474950a51cc267e22d30dbd84648eb76,0
PhysionetMI,106,target_population,target,413506322c7ee7b642e1d46b776a4a3008742c92bc5501682b8ee55a89f5557b,NA,0
PhysionetMI,94,target_population,target,41a9c6ece6ec230f2485a89c3d2933aec71207cabff4be47a0f94a9bdafb30ce,NA,0
PhysionetMI,87,target_population,target,44cb702f5a0392532e09366f8d818a591a9dcc8638a6919299e220a7be023f7d,NA,0
PhysionetMI,58,target_population,target,453d2bc4aa49c7d0719b307984fefa426dad378be96e670e70a8f2cb30a90e5d,NA,0
PhysionetMI,102,target_population,target,45b3c7f2e6154c278ff7685d97e3b65b4585ca34124a7a301c479785124e6f39,NA,0
PhysionetMI,23,target_population,target,45c38c8095fea3f88fa2eb74c3bef9c31ed967eaa43e487d3a8481549d260561,NA,0
PhysionetMI,12,target_population,target,4bd57a411ba9f5a48d9d09dd6162be79c8f29da47ef3d9ed6866561de51ee6af,NA,0
PhysionetMI,68,target_population,target,50ce3f106cd091e07cd377290e60aa772f61aac4c0213e2f210cd93e62121472,NA,0
PhysionetMI,43,target_population,target,54f41d15b77e80bfa99e30457a264f8dcd3fe025cbc3dee6d587fcb7cfb708ac,NA,0
PhysionetMI,70,target_population,target,556d21beb7830f9bf640abf087b014923afa7ade044db2d6df2955572c66fb5c,NA,0
PhysionetMI,32,target_population,target,5728dc954af502d22a82e7206d6a275faf8115b309f45250f8d85c6de02e3d7a,NA,0
PhysionetMI,79,target_population,target,5af7ccd127162285a065e56fe04fab35e04cdebc29ce5e73a5917f8c2947c470,NA,0
PhysionetMI,55,target_population,target,5d1b64a3046aeb385e72c5d9774f93b8606047d15997e9e6610649b5d7682689,NA,0
PhysionetMI,105,target_population,target,611dca32b0edc35515bffee06578dad0f90840ca4d575344c545f98f723a3182,NA,0
PhysionetMI,100,target_population,target,6160ef7775dd781c770922207a98399b0dabe8e404de5636f935a2071ee5bf00,NA,0
PhysionetMI,86,target_population,target,6512ceb2e4ce354b3305dfbcfdeda74c332f787c490fa0a389d9526fb43fbb52,NA,0
PhysionetMI,71,target_population,target,6b48cd73422363318a9445c61cc85ee731e947ef690839a321643e69f783b2f3,NA,0
PhysionetMI,20,target_population,target,6f9a679076c1bf40fdb4aadb363f920a968a75721a722c488e0287a45e3c7a54,NA,0
PhysionetMI,64,target_population,target,73293de98fcd4d3fa24da71391c95075530019b6ec55dd33cab01ebe5458faf5,NA,0
PhysionetMI,98,target_population,target,7704ef407ca7fce5a3f78cf8eeaec3eabf9c1b25ff92db7b355741f8ecfdd091,NA,0
PhysionetMI,67,target_population,target,78ed0c3a68775687bf15e76a1c992bfe2506e0e712df7e03728262ed4b89a154,NA,0
PhysionetMI,34,target_population,target,7ab8a41441ac8f536684628e2fce792fafea05d2ea2174d73c974e77b4c4774d,NA,0
PhysionetMI,82,target_population,target,833e4f8d15adfa550fcbfb1e9357f084b5e642d5f229dbd1dd463036f1eee29d,NA,0
PhysionetMI,3,target_population,target,838366f86df88f407a6a12c11ddd468cba087a1028f7e8ae0c895f61b4a7306e,NA,0
PhysionetMI,44,target_population,target,84032b53fdb02e33ae9e3a5c80df315dcd70841c6e59a5907900c14a365017dc,NA,0
PhysionetMI,56,target_population,target,840826f474ffc46a0b852cc460517fb6ae284c483f4b6d52017f0807e686475f,NA,0
PhysionetMI,35,target_population,target,8542fd003412d8b9ef3c206782f3831405ef8bb85400a7f16059b82980568325,NA,0
PhysionetMI,77,target_population,target,86334216be158c7a73b0b0649d54d0e3d8e9bc6eda3e88951828fc5775c3b608,NA,0
PhysionetMI,93,target_population,target,88e5112009850227b2f8d087d78a662767771f27e1eaa973186451cd2b69668a,NA,0
PhysionetMI,8,target_population,target,8aa98c19b0c71f5206c8f68db8b1b6b80c80fbee006a8f4482ee78bba0f1b7fd,NA,0
PhysionetMI,85,target_population,target,8b285d7144c6c2ee2b12574282219571009a4eed1d172247d91721ba435a9d2d,NA,0
PhysionetMI,108,target_population,target,8d07af5c6cb573f1d7435259924e44f3bfa18cb3a19460e61ce86c936ba0d3e9,NA,0
PhysionetMI,62,target_population,target,8d5982cdddd1e4faa63f2a7cda96b3b3961fb7f029307409ca676429dd911b5c,NA,0
PhysionetMI,5,target_population,target,929d64c387ae69d332c3c1bdf2be288bfb517f942a1b930ec8eacc6545f86248,NA,0
PhysionetMI,107,target_population,target,9338783a94a7eea2ccc73c3ac038167f93eeb20f30fdc4d0bc9c4bf52f22659a,NA,0
PhysionetMI,37,target_population,target,935e17e3b9e1f62fc651e77356c76a021979898cd234b7517e6b203d2ee92df9,NA,0
PhysionetMI,21,target_population,target,9471e493ccfe069d26075a175d18718d19421e23519ac2dae1313e761fdb1248,NA,0
PhysionetMI,53,target_population,target,97eb2aec4c684b35e76439b5315430f08358c5b0f4bb9c1fe6990a811b001629,NA,0
PhysionetMI,52,target_population,target,9fc23de355fdd3856fb6dc4d70a32d659a446997dc65432baa70cd55026740dc,NA,0
PhysionetMI,38,target_population,target,a8644cdca9525ab98b3aec5fddcf4ebdadd2b1c16b67f715c67eec86ac11d4c1,NA,0
PhysionetMI,50,target_population,target,aa59b7edb9a5c8e7d8d377c41cb91ac5a3d3ed67ae7d912ba21b041773035c9e,NA,0
PhysionetMI,90,target_population,target,aa7af58b147de1a577eaaf4ea122393c5d5f37b27c44a467e1baf3f5dfd19a55,NA,0
PhysionetMI,54,target_population,target,b1af6437eea30db5acdd33f5f9ed80e06d673118c0cd422523cd3afc3843e8a3,NA,0
PhysionetMI,92,target_population,target,b41a91a228577d22597a0bb29f1b9b624733e4a9519abf230ce044839240dcfc,NA,0
PhysionetMI,61,target_population,target,b8095bff9af8c67749459240eacf2f5476e4927989706bb9e128af7891968fd8,NA,0
PhysionetMI,48,target_population,target,b9d8400f56523e5a9784c3e9af3d29466eca6e31c8a96b24e76495e3b853b4de,NA,0
PhysionetMI,95,target_population,target,bddd07465c7deeb5f3f467cc3ce0edfd904142b036ebd37c9d16716fc72bb3ac,NA,0
PhysionetMI,74,target_population,target,c1271925cdff02961b539333f834f96f896d04f12800cb933b7a97e5a430c3cb,NA,0
PhysionetMI,4,target_population,target,c5de5c4299de5ad5a96e3f7b1fea2d6027cd2f6fa69de0474686df9dad486053,NA,0
PhysionetMI,69,target_population,target,c837f0493d3695a3ce4b43dcd44663c9baa7086590a84954497e7dbb6cb092ac,NA,0
PhysionetMI,76,target_population,target,c97abcf1cb3bbf3d27e38c30cd0128025b4b683b7c749883fe14fe63da2ef87f,NA,0
PhysionetMI,17,target_population,target,cbfac66d030b41892cfd018a2182a963675305fba120d358eabc80d365e919aa,NA,0
PhysionetMI,1,target_population,target,cc94d71304a5fdf68eaef3a616a41a8428e4151631286bd62a8579a22c2691b7,NA,0
PhysionetMI,63,target_population,target,d683b39e99be75961fce70c1e3e0cd863d6568de4874e727211284b607e67c48,NA,0
PhysionetMI,78,target_population,target,d7582f5b2e9b3877ae11fd8ff79ee3bb2bf6c84280909247f0308d1fdfa06218,NA,0
PhysionetMI,57,target_population,target,d7e7433a724d18b62a49722ab895464780ab8013bea7ee45aeddd835958d3f49,NA,0
PhysionetMI,41,target_population,target,da5a0f496e54b96ad8f4340070fa2af4fee3ae4b1e9547dddd2430fd4fac8740,NA,0
PhysionetMI,96,target_population,target,da969fd44e36504ea02fd34968109f1af5f04a7ae37dca5b0694c6c8ad480ab5,NA,0
PhysionetMI,15,target_population,target,dca16bec99df778585ccfe90ad3acd5c6aab72181ad5265eee8b55b011a2d798,NA,0
PhysionetMI,10,target_population,target,de2cb4c33ac2e08284d36dff84aab3dcb53edc63ae9ecb527e14958bae350daa,NA,0
PhysionetMI,30,target_population,target,e07e80af16fb11b1fb65555cd78f01832f14bd4c883718385e4df3282b377c40,NA,0
PhysionetMI,45,target_population,target,e1988a12354d8a619129f308875268dfa7619e9b6647c1a05a1d79bcb0883be4,NA,0
PhysionetMI,97,target_population,target,e26f77cb830176ae2c247b1c690fe7f59bec73282e2857801fd7e17e4100647a,NA,0
PhysionetMI,75,target_population,target,e369daca2072a71585c744f37130ad6585caeea8a32b897e2d5d809a27bde47b,NA,0
PhysionetMI,33,target_population,target,e45208cc66431a861db453c30ad188ae0791773abb706671a793fc613e087abe,NA,0
PhysionetMI,22,target_population,target,e5fb2df4f78b5d5622924fca5ab7e7ee266c7faca55739aa3f067c44173e9efa,NA,0
PhysionetMI,16,target_population,target,e725552269a661fd60c440383576f976857e8303e789412dc590338ba86d9639,NA,0
PhysionetMI,60,target_population,target,f08ed352812d360be6401edf6729e6a861e88a9e9206452a0645aefd4709a5ab,NA,0
PhysionetMI,7,target_population,target,f0dc418f6734ad532e917a5f6c3e0f52a7558fdf71d5d86303c7ce78a2020936,NA,0
PhysionetMI,80,target_population,target,f0de68bd93382ffda306f1bc0d57dd9a3de059d527593a4dc229913606e7ba80,NA,0
PhysionetMI,42,target_population,target,f166a2008d69aeac5ec6946a50605dbf7e91bc1a0f6420c27035497c49670e3e,NA,0
PhysionetMI,47,target_population,target,f285edca35dbb5eaf0eb100df5565e6295917824f787d3bc16810b151fe635ac,NA,0
PhysionetMI,104,target_population,target,f70e7ea22e87c814be7cc7efbd2314a572ff4bb3b32ba743eae2f2f39e9a3ee5,NA,0
PhysionetMI,13,target_population,target,f853d1b1cde2a44ce615f0e974d78b7d23d9e8cc829cbd510ad6e9c11696f661,NA,0
PhysionetMI,36,target_population,target,fe8de701b2b089d40049173202818f2cc1c693f4450a6a0f4eb52fadbab8f3d0,NA,0
PhysionetMI,29,target_population,target,ffb7ecd20ec9529d5ce1a4829d3ab794e099789d81d71e3ac73952a56d202ca5,NA,0
